AUC: 0.661847160176564
AUC: 0.661847160176564
AUC: 0.661847160176564
AUC: 0.661847160176564
